1
1
3
3
4
4
5
10
13
13
13
14
15
15
15
17
17
18
18
20
20
21
21
23
25
25
26
26
27
27
27
28
31
31
31
32
34
35
35
36
38
40
40
41
45
45
46
46
46
46
47
47
48
51
51
52
52
52
53
53
54
55
55
57
58
62
63
63
63
64
64
65
67
67
68
69
70
71
71
71
73
76
78
81
81
81
82
84
84
85
86
87
90
92
94
95
96
96
97
98
99
100
102
103
103
103
104
104
104
105
105
106
107
108
108
110
113
114
117
117
119
119
119
120
121
121
122
123
124
125
125
125
126
132
132
134
135
136
136
138
141
142
142
145
146
146
146
150
150
150
151
152
153
156
157
157
159
161
161
162
163
164
168
168
173
174
175
175
176
177
177
178
178
178
179
180
182
183
185
185
185
186
186
187
187
188
189
190
190
191
192
193
194
194
194
195
196
198
198
199
199
200
201
201
202
202
203
203
204
207
208
209
210
212
213
214
214
214
215
215
216
216
217
217
218
219
220
222
222
224
225
225
226
227
227
228
228
229
230
230
232
232
233
233
234
234
235
235
235
236
236
236
236
242
245
246
246
247
248
248
249
250
250
251
254
255
256
258
259
259
259
259
259
260
262
262
262
264
265
266
266
267
267
270
271
271
272
272
273
273
276
277
277
277
278
280
281
281
282
282
282
283
283
284
284
284
284
284
286
287
287
287
290
291
293
293
296
296
296
296
297
298
299
299
300
301
301
301
302
305
305
308
309
309
312
313
313
313
314
318
320
320
320
321
322
323
324
326
330
332
332
332
335
335
336
336
337
338
338
338
339
341
341
343
343
343
344
344
346
348
349
349
351
352
353
353
355
355
356
357
358
358
362
362
362
362
364
364
364
364
366
366
366
366
367
370
370
372
372
373
374
376
379
381
381
382
382
383
385
386
386
387
388
390
390
390
390
390
391
391
391
391
393
393
393
394
394
394
396
396
397
398
399
400
401
402
402
402
402
403
404
404
407
408
409
410
410
411
412
413
413
414
415
415
415
416
416
417
417
419
421
422
424
424
424
425
427
427
428
429
429
430
430
431
431
431
432
434
435
435
435
436
436
436
436
436
437
438
439
439
440
442
443
443
444
445
445
448
448
449
450
450
450
451
452
453
453
453
454
455
456
458
458
458
458
459
459
460
460
463
464
464
465
466
468
468
468
469
470
474
474
475
475
477
477
478
479
485
486
487
487
487
487
487
492
492
492
493
493
494
495
496
497
498
498
500
500
501
501
501
502
504
504
505
505
505
505
506
506
506
507
512
513
513
514
517
517
517
517
517
518
519
520
520
521
521
524
527
528
528
529
529
529
530
531
531
534
534
535
536
537
537
537
538
540
540
541
542
542
545
545
545
546
547
547
548
548
549
549
549
550
552
556
556
556
557
557
557
559
560
565
566
567
567
568
568
572
572
572
573
575
576
577
578
579
579
580
580
581
582
584
584
585
585
586
586
588
589
589
590
590
591
592
592
593
593
594
594
594
595
595
596
597
599
600
601
602
602
602
604
604
604
607
607
609
609
610
610
612
612
612
614
615
616
616
617
618
619
619
619
621
622
625
626
627
627
631
631
631
631
632
632
633
633
634
634
636
636
640
640
641
642
642
642
643
643
643
645
647
650
652
653
653
653
655
655
655
655
656
658
659
659
660
661
663
664
665
665
666
666
666
666
666
667
667
667
668
669
670
670
671
673
673
674
674
674
675
675
675
677
678
680
680
682
683
684
685
687
687
689
689
692
692
692
694
694
694
695
696
697
699
700
700
701
701
701
702
702
703
704
704
705
706
707
708
709
709
710
712
713
716
717
718
721
723
724
724
725
726
726
728
728
729
730
730
732
733
734
739
739
739
739
742
746
747
748
748
750
758
760
761
762
762
762
767
768
769
772
772
773
775
776
779
779
779
780
780
780
780
781
782
786
786
788
789
790
793
794
794
795
795
795
795
797
797
799
802
804
805
806
806
807
808
810
810
810
810
810
810
811
811
812
812
812
815
817
821
823
823
823
824
824
825
827
827
828
828
828
829
831
832
833
834
835
836
836
837
838
839
841
842
842
843
843
844
845
845
845
850
852
852
853
854
856
856
856
857
857
857
859
859
861
862
863
864
865
868
868
869
869
869
870
872
873
876
876
877
879
881
883
883
885
887
888
888
889
889
891
892
895
896
898
898
899
899
900
901
902
902
903
904
905
908
908
910
910
910
912
912
916
916
917
919
920
921
924
924
925
926
927
928
929
930
930
931
932
934
935
935
935
935
936
936
936
937
937
938
940
940
942
945
947
949
950
951
952
953
953
953
956
957
957
959
962
963
964
966
967
970
970
971
974
975
975
976
976
977
981
982
985
986
986
989
990
990
992
993
995
995
996
996
997
997
997
997
999
999
